hidden_dim1: 512
hidden_dim2: 416
dropout_rate: 0.49806855640068687
lr: 0.00033395047890081344
weight_decay: 0.0002311070211024102
