hidden_dim1: 640
hidden_dim2: 128
dropout_rate: 0.3429355056469445
lr: 0.009136816268198254
weight_decay: 2.9755714948698466e-06
