hidden_dim1: 384
hidden_dim2: 416
dropout_rate: 0.45432911209487936
lr: 0.0006561863041321087
weight_decay: 0.009838441289834694
